[
0,1602451531.47
1,1602451531.47,1602451538.32,6.84910297394
2,1602451541.78,1602451543.17,1.3968770504
3,1602451546.36,1602451549.09,2.73927402496
4,1602451552.55,1602451555.63,3.08553600311
5,1602451559.1,1602451560.86,1.76213383675
6,1602451564.32,1602451575.01,10.6899950504
7,1602451578.49,1602451586.82,8.32948708534
8,1602451590.28,1602451611.81,21.5347590446
9,1602451615.27,1602451616.66,1.38219094276
10,1602451619.83,1602451621.58,1.75291705132
11,1602451625.04,1602451639.47,14.4243359566
12,1602451642.92,1602451657.15,14.2297091484
13,1602451660.61,1602451706.53,45.924571991
14,1602451709.99,1602451711.7,1.70985102654
15,1602451715.16,1602451723.02,7.85517191887
16,1602451726.47,1602451732.64,6.16921114922
17,1602451736.09,1602451738.2,2.10989689827
18,1602451741.68,1602451744.12,2.43472123146
19,1602451747.58,1602451749.34,1.75664496422
20,1602451752.79,1602451755.54,2.74319887161
21,1602451758.99,1602451761.4,2.41049695015
22,1602451764.86,1602451768.0,3.13408112526
23,1602451771.46,1602451772.85,1.39832901955
24,1602451776.02,1602451779.15,3.12726187706
25,1602451782.6,1602451784.0,1.39775204659
26,1602451787.17,1602451789.59,2.4172410965
27,1602451793.05,1602451795.8,2.75731396675
28,1602451799.26,1602451801.36,2.10426402092
29,1602451804.82,1602451807.26,2.44376206398
30,1602451810.72,1602451821.07,10.3523089886
31,1602451824.52,1602451877.03,52.5051958561
32,1602451880.49,1602451888.13,7.64110589027
33,1602451891.58,1602451944.0,52.4184350967
34,1602451947.46,1602451960.6,13.1438748837
35,1602451964.06,1602451967.53,3.46806788445
36,1602451970.98,1602451971.02,0.0424509048462
37,1602451973.32,1602452134.9,161.581825018
38,1602452138.36,1602452144.51,6.1525580883
39,1602452147.98,1602452160.08,12.1007859707
40,1602452163.55,1602452173.13,9.58018612862
41,1602452176.61,1602452190.87,14.2576680183
42,1602452194.32,1602452200.16,5.84107995033
43,1602452203.62,1602452212.54,8.92068314552
44,1602452216.0,1602452242.18,26.17882514
45,1602452245.64,1602452295.27,49.6362149715
46,1602452298.73,1602452314.86,16.1293120384
47,1602452318.33,1602452320.77,2.44051289558
48,1602452324.22,1602452325.96,1.73866891861
49,1602452329.42,1602452332.88,3.45916199684
50,1602452336.34,1602452338.77,2.43342494965
51,1602452342.22,1602452366.01,23.7847878933
52,1602452369.47,1602452388.21,18.7425179482
53,1602452391.67,1602452395.5,3.83132600784
54,1602452398.96,1602452401.02,2.05996894836
55,1602452404.48,1602452415.06,10.580080986
56,1602452418.52,1602452419.9,1.37525105476
57,1602452423.06,1602452426.18,3.11893606186
]
[
0,1602452496.37
1,1602452496.37,1602452499.09,2.7228770256
2,1602452502.54,1602452503.91,1.36426115036
3,1602452507.07,1602452510.24,3.17394518852
4,1602452513.7,1602452516.5,2.79701399803
5,1602452519.95,1602452526.53,6.57937002182
6,1602452529.99,1602452532.4,2.41123199463
7,1602452535.86,1602452538.32,2.45566797256
8,1602452541.78,1602452551.15,9.37468194962
9,1602452554.61,1602452557.71,3.10071182251
10,1602452561.17,1602452563.58,2.41304111481
11,1602452567.04,1602452569.79,2.74941110611
12,1602452573.24,1602452575.3,2.06452608109
13,1602452578.76,1602452581.88,3.12068295479
14,1602452585.33,1602452587.08,1.7526538372
15,1602452590.54,1602452594.0,3.45534300804
16,1602452597.46,1602452599.17,1.71032810211
17,1602452602.62,1602452606.06,3.44137907028
18,1602452609.52,1602452612.24,2.7230591774
19,1602452615.7,1602452617.78,2.08180713654
20,1602452621.24,1602452624.01,2.77188801765
21,1602452627.47,1602452656.77,29.3033299446
22,1602452660.23,1602452664.04,3.81755495071
23,1602452667.5,1602452670.92,3.42615914345
24,1602452674.38,1602452681.62,7.2408118248
25,1602452685.08,1602452693.58,8.49932122231
26,1602452697.03,1602452699.75,2.72512102127
27,1602452703.22,1602452707.03,3.80335617065
28,1602452710.49,1602452712.19,1.70547103882
29,1602452715.65,1602452719.13,3.47733020782
30,1602452722.58,1602452725.68,3.09820699692
31,1602452729.13,1602452731.52,2.38645410538
32,1602452734.97,1602452737.35,2.37801194191
33,1602452740.8,1602452748.96,8.16320490837
34,1602452752.41,1602452754.46,2.04340720177
35,1602452757.92,1602452791.33,33.4105010033
36,1602452794.79,1602452815.08,20.2914879322
37,1602452818.54,1602452828.17,9.6336619854
38,1602452831.64,1602452871.43,39.7852768898
39,1602452874.89,1602452877.66,2.76984190941
40,1602452881.14,1602452910.85,29.7120649815
41,1602452914.3,1602452916.02,1.71581602097
42,1602452919.48,1602452971.14,51.6603178978
43,1602452974.59,1602452977.34,2.74641609192
44,1602452980.79,1602452983.51,2.72175383568
45,1602452986.96,1602453041.05,54.0874848366
46,1602453044.5,1602453051.28,6.7718641758
47,1602453054.74,1602453081.75,27.0044839382
48,1602453085.21,1602453148.87,63.6567339897
49,1602453152.32,1602453241.33,89.0140419006
50,1602453244.8,1602453253.44,8.64947414398
51,1602453256.91,1602453260.04,3.13329601288
52,1602453263.49,1602453270.62,7.12232995033
53,1602453274.07,1602453293.12,19.0512979031
54,1602453296.57,1602453302.75,6.17613387108
55,1602453306.21,1602453363.46,57.2570819855
56,1602453366.92,1602453393.34,26.419811964
57,1602453396.79,1602453397.85,1.0507080555
58,1602453400.72,1602453402.76,2.03961396217
59,1602453406.21,1602453424.56,18.3418109417
60,1602453428.01,1602453429.71,1.70462703705
61,1602453433.16,1602453435.55,2.38190984726
62,1602453439.0,1602453441.07,2.07550978661
63,1602453444.53,1602453454.87,10.3466670513
64,1602453458.33,1602453460.42,2.08704400063
65,1602453463.88,1602453466.64,2.76082587242
66,1602453470.09,1602453472.5,2.40991282463
67,1602453475.96,1602453523.55,47.5851409435
68,1602453527.0,1602453528.74,1.73896789551
69,1602453532.19,1602453534.93,2.73897099495
70,1602453538.39,1602453540.46,2.06890797615
71,1602453543.91,1602453546.68,2.7753739357
72,1602453550.13,1602453552.55,2.41606283188
73,1602453556.02,1602453558.45,2.434497118
74,1602453561.91,1602453569.45,7.54192304611
75,1602453572.91,1602453574.31,1.39903306961
76,1602453577.47,1602453648.52,71.0462260246
77,1602453651.97,1602453656.83,4.85141015053
78,1602453660.29,1602453663.43,3.14772295952
79,1602453666.89,1602453673.72,6.82492589951
80,1602453677.17,1602453679.95,2.77450013161
81,1602453683.4,1602453685.82,2.41719102859
82,1602453689.27,1602453691.31,2.03980207443
83,1602453694.76,1602453697.14,2.37584495544
84,1602453700.59,1602453702.63,2.03955197334
85,1602453706.08,1602453789.8,83.7231421471
86,1602453793.26,1602453830.75,37.487473011
87,1602453834.21,1602453855.08,20.8727109432
88,1602453858.54,1602453861.01,2.46963500977
89,1602453864.47,1602453872.44,7.97503709793
90,1602453875.91,1602453884.58,8.6753950119
91,1602453888.04,1602453890.49,2.44547510147
92,1602453893.95,1602453910.95,16.9984629154
93,1602453914.41,1602453935.84,21.4300999641
94,1602453939.29,1602453941.33,2.04109787941
95,1602453944.78,1602453946.14,1.36506295204
96,1602453949.31,1602453951.72,2.41402220726
97,1602453955.17,1602454019.6,64.4249010086
]
[
0,1602454150.06
1,1602454150.06,1602454161.33,11.2689340115
2,1602454164.78,1602454191.58,26.7947249413
3,1602454195.03,1602454198.42,3.38944506645
4,1602454201.87,1602454203.27,1.3978600502
5,1602454206.43,1602454209.55,3.11540603638
6,1602454213.0,1602454216.48,3.47390890121
7,1602454219.94,1602454222.0,2.06369614601
8,1602454225.47,1602454227.87,2.40505003929
9,1602454231.32,1602454233.36,2.04131412506
10,1602454236.81,1602454238.88,2.06442213058
11,1602454242.33,1602454245.46,3.12952709198
12,1602454248.92,1602454250.67,1.75303506851
13,1602454254.12,1602454288.63,34.5018501282
14,1602454292.1,1602454297.25,5.15217208862
15,1602454300.71,1602454305.46,4.75259399414
16,1602454308.91,1602454312.65,3.73918700218
17,1602454316.11,1602454321.93,5.823127985
18,1602454325.39,1602454327.83,2.43181490898
19,1602454331.28,1602454334.08,2.79612088203
20,1602454337.55,1602454345.13,7.58094906807
21,1602454348.59,1602454356.08,7.48522591591
22,1602454359.53,1602454360.9,1.36873006821
23,1602454364.06,1602454367.86,3.804708004
24,1602454371.32,1602454373.05,1.73165988922
25,1602454376.51,1602454394.42,17.9123630524
26,1602454397.87,1602454400.63,2.76135396957
27,1602454404.09,1602454406.86,2.76713991165
28,1602454410.32,1602454413.45,3.12411093712
29,1602454416.9,1602454420.69,3.79046201706
30,1602454424.15,1602454433.41,9.25693011284
31,1602454436.87,1602454439.28,2.41161394119
32,1602454442.74,1602454444.82,2.07945299149
33,1602454448.27,1602454452.39,4.11369895935
34,1602454455.85,1602454476.89,21.0371289253
35,1602454480.35,1602454486.95,6.60626292229
36,1602454490.42,1602454543.15,52.7366380692
37,1602454546.62,1602454549.06,2.44912314415
38,1602454552.53,1602454555.27,2.74504804611
39,1602454558.73,1602454570.07,11.3435111046
40,1602454573.55,1602454575.63,2.0758600235
41,1602454579.08,1602454582.15,3.07244300842
42,1602454585.61,1602454588.72,3.10242486
43,1602454592.17,1602454600.8,8.62346601486
44,1602454604.26,1602454610.38,6.12581706047
45,1602454613.85,1602454622.87,9.02616786957
46,1602454626.33,1602454646.49,20.1599640846
47,1602454649.94,1602454672.76,22.8200280666
48,1602454676.23,1602454687.63,11.3981649876
49,1602454691.08,1602454701.38,10.2953870296
50,1602454704.83,1602454717.86,13.029540062
51,1602454721.31,1602454769.82,48.512804985
52,1602454773.29,1602454792.69,19.3978898525
53,1602454796.14,1602454798.58,2.4335360527
54,1602454802.06,1602454803.8,1.7409799099
55,1602454807.25,1602454809.39,2.13643908501
56,1602454812.84,1602454816.66,3.81505298615
57,1602454820.12,1602454822.24,2.12163114548
58,1602454825.69,1602454828.78,3.08853602409
59,1602454832.24,1602454834.62,2.37839388847
60,1602454838.07,1602454841.13,3.05940079689
61,1602454844.58,1602454873.67,29.0923480988
62,1602454877.13,1602454910.86,33.7385759354
63,1602454914.32,1602454916.76,2.44031310081
64,1602454920.21,1602454954.33,34.1132469177
65,1602454957.78,1602454992.44,34.6604669094
66,1602454995.9,1602454999.36,3.45708298683
67,1602455002.81,1602455005.9,3.09057497978
68,1602455009.36,1602455011.08,1.72156214714
69,1602455014.54,1602455022.78,8.24448490143
70,1602455026.24,1602455029.01,2.76940894127
71,1602455032.46,1602455035.23,2.76203513145
72,1602455038.68,1602455045.24,6.56625413895
73,1602455048.71,1602455053.19,4.4792330265
74,1602455056.64,1602455093.69,37.049435854
75,1602455097.14,1602455107.1,9.96010398865
76,1602455110.56,1602455118.51,7.94821691513
77,1602455121.96,1602455124.37,2.40706515312
78,1602455127.82,1602455130.24,2.42332720757
79,1602455133.7,1602455136.15,2.45267415047
80,1602455139.61,1602455141.69,2.08192300797
81,1602455145.15,1602455147.54,2.3937869072
82,1602455151.01,1602455154.79,3.78588604927
83,1602455158.25,1602455160.66,2.40597701073
84,1602455164.11,1602455178.83,14.7149620056
85,1602455182.29,1602455215.81,33.5238330364
86,1602455219.27,1602455292.9,73.6377539635
87,1602455296.37,1602455352.7,56.33553195
88,1602455356.17,1602455436.29,80.116147995
89,1602455439.75,1602455441.48,1.72282218933
90,1602455444.94,1602455447.7,2.76008296013
91,1602455451.16,1602455454.26,3.10930299759
92,1602455457.71,1602455459.47,1.75766015053
93,1602455462.93,1602455477.61,14.6868889332
94,1602455481.07,1602455517.11,36.0382950306
95,1602455520.56,1602455522.65,2.0832130909
96,1602455526.1,1602455528.16,2.05640101433
97,1602455531.61,1602455534.05,2.43666291237
98,1602455537.51,1602455540.6,3.09001803398
99,1602455544.06,1602455546.47,2.40870904922
100,1602455549.92,1602455752.48,202.55796504
101,1602455755.94,1602455759.08,3.13471603394
102,1602455762.53,1602455764.64,2.1102039814
103,1602455768.1,1602455770.88,2.78562402725
104,1602455774.34,1602455780.95,6.61778306961
105,1602455784.42,1602455787.9,3.47648787498
106,1602455791.36,1602455792.73,1.36747312546
]
